1 Насос_Центробежный 8.0 2000.0 5.0
2 Ротор_Турбинный 6.0 1500.0 3.5
3 Генератор_Синхронный 10.0 5000.0 2.0
4 Компрессор_Поршневой 12.0 3000.0 4.0
5 Трансформатор_Силовой 24.0 10000.0 1.5
6 Двигатель_Асинхронный 16.0 8000.0 3.0
7 Редуктор_Червячный 7.5 2500.0 4.5
8 Конвейер_Ленточный 20.0 6000.0 2.5
9 Дробилка_Молотковая 14.0 4000.0 6.0
10 Смеситель_Промышленный 9.0 3500.0 3.0
11 Сепаратор_Центробежный 18.0 7500.0 2.0
12 Фильтр_Рукавный 24.0 12000.0 1.0
13 Вентилятор_Центробежный 11.0 4500.0 3.5
14 Конвейер_Винтовой 15.0 5500.0 2.8
15 Элеватор_Ковшовый 13.0 4800.0 3.2
